[
    {
        "timestamp": 0.0,
        "basename": "000000",
        "tx": -3.469446951953614e-17,
        "ty": 2.3283069916502086e-10,
        "tz": -2.3283064365386963e-10,
        "qx": 8.6736171213901e-19,
        "qy": 5.820765917874397e-11,
        "qz": -1.1368509961006004e-13,
        "qw": 1.0,
        "transform_matrix": [
            [
                1.0000001192092896,
                -7.09405867382884e-11,
                2.3283064365386963e-10,
                -3.469446951953614e-17
            ],
            [
                -7.139532715028096e-11,
                1.0,
                5.8207657444020455e-11,
                2.3283069916502086e-10
            ],
            [
                3.0962787520659175e-29,
                5.820766091346741e-11,
                1.0,
                -2.3283064365386963e-10
            ],
            [
                0.0,
                0.0,
                0.0,
                1.0
            ]
        ]
    },
    {
        "timestamp": 1.0,
        "basename": "000001",
        "tx": 0.0031407643109560013,
        "ty": -0.038585465401411057,
        "tz": 0.027409283444285393,
        "qx": -0.00615215883753131,
        "qy": 0.013070158060325455,
        "qz": -0.0024952519386653126,
        "qw": 0.9998925420402327,
        "transform_matrix": [
            [
                0.9996459484100342,
                0.004829148296266794,
                0.026168210431933403,
                0.0031407643109560013
            ],
            [
                -0.005150787066668272,
                0.9999118447303772,
                0.01223776862025261,
                -0.038585465401411057
            ],
            [
                -0.026106804609298706,
                -0.012368222698569298,
                0.9995826482772827,
                0.027409283444285393
            ],
            [
                0.0,
                0.0,
                0.0,
                1.0
            ]
        ]
    },
    {
        "timestamp": 2.0,
        "basename": "000002",
        "tx": 0.009944140911102295,
        "ty": -0.02080148458480835,
        "tz": 0.11090406030416489,
        "qx": -0.004580063837477512,
        "qy": 0.02342021961482554,
        "qz": -0.004579640193445757,
        "qw": 0.999704728019297,
        "transform_matrix": [
            [
                0.9988610744476318,
                0.008942044340074062,
                0.04686855897307396,
                0.009944140911102295
            ],
            [
                -0.009371107444167137,
                0.9999160766601562,
                0.008942910470068455,
                -0.02080148458480835
            ],
            [
                -0.046784657984972,
                -0.00937193538993597,
                0.9988610148429871,
                0.11090406030416489
            ],
            [
                0.0,
                0.0,
                0.0,
                1.0
            ]
        ]
    },
    {
        "timestamp": 3.0,
        "basename": "000003",
        "tx": 0.05881965532898903,
        "ty": -0.02903609722852707,
        "tz": 0.21616721153259277,
        "qx": -0.006135114779352946,
        "qy": 0.029715876916944717,
        "qz": -0.004016941193737318,
        "qw": 0.9995314858518202,
        "transform_matrix": [
            [
                0.9982016682624817,
                0.007665498182177544,
                0.05945320054888725,
                0.05881965532898903
            ],
            [
                -0.008394738659262657,
                0.9998924732208252,
                0.012025747448205948,
                -0.02903609722852707
            ],
            [
                -0.059354618191719055,
                -0.012503214180469513,
                0.9981586337089539,
                0.21616721153259277
            ],
            [
                0.0,
                0.0,
                0.0,
                1.0
            ]
        ]
    },
    {
        "timestamp": 4.0,
        "basename": "000004",
        "tx": 0.013500815257430077,
        "ty": -0.03972714766860008,
        "tz": 0.18606683611869812,
        "qx": -0.001928520999760024,
        "qy": 0.04241560895227848,
        "qz": 0.0008900398592038352,
        "qw": 0.9990977953899258,
        "transform_matrix": [
            [
                0.9964002370834351,
                -0.0019420719472691417,
                0.08475124835968018,
                0.013500815257430077
            ],
            [
                0.001614875509403646,
                0.9999910593032837,
                0.00392906554043293,
                -0.03972714766860008
            ],
            [
                -0.08475811779499054,
                -0.0037780588027089834,
                0.9963943362236023,
                0.18606683611869812
            ],
            [
                0.0,
                0.0,
                0.0,
                1.0
            ]
        ]
    },
    {
        "timestamp": 5.0,
        "basename": "000005",
        "tx": -0.0071541927754879,
        "ty": -0.05382375791668892,
        "tz": 0.25214913487434387,
        "qx": -0.0027796449518982793,
        "qy": 0.03938200560636933,
        "qz": 0.0011372432769157087,
        "qw": 0.9992197145203302,
        "transform_matrix": [
            [
                0.9968956708908081,
                -0.0024916473776102066,
                0.07869623601436615,
                -0.0071541927754879
            ],
            [
                0.0020537765230983496,
                0.9999820590019226,
                0.005644526332616806,
                -0.05382375791668892
            ],
            [
                -0.07870887964963913,
                -0.0054653785191476345,
                0.9968826770782471,
                0.25214913487434387
            ],
            [
                0.0,
                0.0,
                0.0,
                1.0
            ]
        ]
    },
    {
        "timestamp": 6.0,
        "basename": "000006",
        "tx": 0.01682676002383232,
        "ty": -0.025330107659101486,
        "tz": 0.4275270700454712,
        "qx": -0.0017473600257216376,
        "qy": 0.027766422482844725,
        "qz": -0.00040778872471268805,
        "qw": 0.9996128281608838,
        "transform_matrix": [
            [
                0.9984579086303711,
                0.0007182263070717454,
                0.05551277473568916,
                0.01682676002383232
            ],
            [
                -0.0009122971096076071,
                0.999993622303009,
                0.0034707216545939445,
                -0.025330107659101486
            ],
            [
                -0.05550991743803024,
                -0.0035160125698894262,
                0.998451828956604,
                0.4275270700454712
            ],
            [
                0.0,
                0.0,
                0.0,
                1.0
            ]
        ]
    },
    {
        "timestamp": 7.0,
        "basename": "000007",
        "tx": -0.010006875731050968,
        "ty": -0.12041403353214264,
        "tz": 0.39878177642822266,
        "qx": -0.008926833136256205,
        "qy": 0.018061835624630172,
        "qz": 0.0026307010171882908,
        "qw": 0.9997935592692045,
        "transform_matrix": [
            [
                0.999333918094635,
                -0.005582785699516535,
                0.03606925532221794,
                -0.010006875731050968
            ],
            [
                0.004937846213579178,
                0.9998267889022827,
                0.01794501021504402,
                -0.12041403353214264
            ],
            [
                -0.036163173615932465,
                -0.017754951491951942,
                0.9991880059242249,
                0.39878177642822266
            ],
            [
                0.0,
                0.0,
                0.0,
                1.0
            ]
        ]
    },
    {
        "timestamp": 8.0,
        "basename": "000008",
        "tx": 0.004030697979032993,
        "ty": -0.07102298736572266,
        "tz": 0.5720252990722656,
        "qx": -0.0071279874255375415,
        "qy": 0.012573961981787854,
        "qz": 0.0006931647740052729,
        "qw": 0.9998952979177059,
        "transform_matrix": [
            [
                0.9996830224990845,
                -0.0015654388116672635,
                0.02513541840016842,
                0.004030697979032993
            ],
            [
                0.0012069300282746553,
                0.9998974800109863,
                0.014271912164986134,
                -0.07102298736572266
            ],
            [
                -0.025155164301395416,
                -0.014237052761018276,
                0.9995819926261902,
                0.5720252990722656
            ],
            [
                0.0,
                0.0,
                0.0,
                1.0
            ]
        ]
    },
    {
        "timestamp": 9.0,
        "basename": "000009",
        "tx": 0.0268831979483366,
        "ty": -0.05221535265445709,
        "tz": 0.7264875769615173,
        "qx": -0.0056355864568348605,
        "qy": 0.03895667247188613,
        "qz": 0.0006054506458775658,
        "qw": 0.9992248251843632,
        "transform_matrix": [
            [
                0.9969642162322998,
                -0.001649050391279161,
                0.07784612476825714,
                0.0268831979483366
            ],
            [
                0.000770874903537333,
                0.9999358057975769,
                0.011309606954455376,
                -0.05221535265445709
            ],
            [
                -0.0778597742319107,
                -0.011215264908969402,
                0.9969010353088379,
                0.7264875769615173
            ],
            [
                0.0,
                0.0,
                0.0,
                1.0
            ]
        ]
    },
    {
        "timestamp": 10.0,
        "basename": "000010",
        "tx": 0.029520153999328613,
        "ty": -0.05502290278673172,
        "tz": 0.8400787115097046,
        "qx": -0.005730589905763902,
        "qy": 0.060592985107711994,
        "qz": 0.00021328083132575852,
        "qw": 0.9981460840009119,
        "transform_matrix": [
            [
                0.9926570653915405,
                -0.0011202384484931827,
                0.1209588497877121,
                0.029520153999328613
            ],
            [
                -0.00026869672001339495,
                0.9999343156814575,
                0.011465777643024921,
                -0.05502290278673172
            ],
            [
                -0.12096375972032547,
                -0.011414086446166039,
                0.992591142654419,
                0.8400787115097046
            ],
            [
                0.0,
                0.0,
                0.0,
                1.0
            ]
        ]
    },
    {
        "timestamp": 11.0,
        "basename": "000011",
        "tx": 0.05700574070215225,
        "ty": -0.021083196625113487,
        "tz": 0.9919869899749756,
        "qx": -0.003080336427550818,
        "qy": 0.0351454185594407,
        "qz": -0.0008831238584992496,
        "qw": 0.9993770715670963,
        "transform_matrix": [
            [
                0.9975281953811646,
                0.001548627857118845,
                0.07025248557329178,
                0.05700574070215225
            ],
            [
                -0.0019816672429442406,
                0.9999796748161316,
                0.00609476026147604,
                -0.021083196625113487
            ],
            [
                -0.07024162262678146,
                -0.0062189106829464436,
                0.9975104331970215,
                0.9919869899749756
            ],
            [
                0.0,
                0.0,
                0.0,
                1.0
            ]
        ]
    },
    {
        "timestamp": 12.0,
        "basename": "000012",
        "tx": 0.04071623086929321,
        "ty": -0.04277023673057556,
        "tz": 1.0784473419189453,
        "qx": -0.005782596024959842,
        "qy": 0.009917069551589002,
        "qz": 3.019664727835253e-05,
        "qw": 0.9999341040303024,
        "transform_matrix": [
            [
                0.999803364276886,
                -0.00017508243035990745,
                0.019832484424114227,
                0.04071623086929321
            ],
            [
                -5.430379678728059e-05,
                0.9999333620071411,
                0.011565028689801693,
                -0.04277023673057556
            ],
            [
                -0.01983318105340004,
                -0.011563831940293312,
                0.9997362494468689,
                1.0784473419189453
            ],
            [
                0.0,
                0.0,
                0.0,
                1.0
            ]
        ]
    },
    {
        "timestamp": 13.0,
        "basename": "000013",
        "tx": 0.0438864566385746,
        "ty": -0.040050115436315536,
        "tz": 1.2131595611572266,
        "qx": -0.006370117624533848,
        "qy": -0.006691490238910185,
        "qz": -0.0001615851736723613,
        "qw": 0.9999573088137631,
        "transform_matrix": [
            [
                0.9999104738235474,
                0.0004084075044374913,
                -0.013380344957113266,
                0.0438864566385746
            ],
            [
                -0.00023790562408976257,
                0.9999191164970398,
                0.01274185348302126,
                -0.040050115436315536
            ],
            [
                0.013384474441409111,
                -0.012737530283629894,
                0.9998290538787842,
                1.2131595611572266
            ],
            [
                0.0,
                0.0,
                0.0,
                1.0
            ]
        ]
    },
    {
        "timestamp": 14.0,
        "basename": "000014",
        "tx": 0.04397336766123772,
        "ty": -0.03637002781033516,
        "tz": 1.354989767074585,
        "qx": -0.006488462686304582,
        "qy": 0.0016408003416794167,
        "qz": 0.00031232210472517414,
        "qw": 0.9999775547886613,
        "transform_matrix": [
            [
                0.9999945759773254,
                -0.0006459231371991336,
                0.003277476876974106,
                0.04397336766123772
            ],
            [
                0.0006033373065292835,
                0.9999158978462219,
                0.01297765877097845,
                -0.03637002781033516
            ],
            [
                -0.0032855775207281113,
                -0.012975610792636871,
                0.9999101758003235,
                1.354989767074585
            ],
            [
                0.0,
                0.0,
                0.0,
                1.0
            ]
        ]
    },
    {
        "timestamp": 15.0,
        "basename": "000015",
        "tx": 0.06289701908826828,
        "ty": 0.002105442341417074,
        "tz": 1.523480772972107,
        "qx": -0.002192240850343269,
        "qy": 0.027747328333711713,
        "qz": -0.0018090304210741325,
        "qw": 0.999610927941132,
        "transform_matrix": [
            [
                0.9984537959098816,
                0.003494995879009366,
                0.055480994284152985,
                0.06289701908826828
            ],
            [
                -0.0037383108865469694,
                0.999984085559845,
                0.004282386042177677,
                0.002105442341417074
            ],
            [
                -0.05546514317393303,
                -0.00448316615074873,
                0.9984503984451294,
                1.523480772972107
            ],
            [
                0.0,
                0.0,
                0.0,
                1.0
            ]
        ]
    },
    {
        "timestamp": 16.0,
        "basename": "000016",
        "tx": 0.07091742753982544,
        "ty": -0.0037103446666151285,
        "tz": 1.6541026830673218,
        "qx": -0.0015584836769883998,
        "qy": 0.05920574898891526,
        "qz": -0.0015797599782944951,
        "qw": 0.9982433344499231,
        "transform_matrix": [
            [
                0.9929845929145813,
                0.0029694274999201298,
                0.1182084009051323,
                0.07091742753982544
            ],
            [
                -0.003338512498885393,
                0.9999904036521912,
                0.002924432046711445,
                -0.0037103446666151285
            ],
            [
                -0.11819859594106674,
                -0.003298552241176367,
                0.9929843544960022,
                1.6541026830673218
            ],
            [
                0.0,
                0.0,
                0.0,
                1.0
            ]
        ]
    },
    {
        "timestamp": 17.0,
        "basename": "000017",
        "tx": 0.07890021800994873,
        "ty": -0.002222687704488635,
        "tz": 1.7560244798660278,
        "qx": -0.0005667699037667308,
        "qy": 0.0839400205017174,
        "qz": -0.002576448989104471,
        "qw": 0.9964673168953682,
        "transform_matrix": [
            [
                0.985895037651062,
                0.0050395457074046135,
                0.1672898828983307,
                0.07890021800994873
            ],
            [
                -0.005229844246059656,
                0.9999863505363464,
                0.000697003211826086,
                -0.002222687704488635
            ],
            [
                -0.16728410124778748,
                -0.001562067773193121,
                0.9859074950218201,
                1.7560244798660278
            ],
            [
                0.0,
                0.0,
                0.0,
                1.0
            ]
        ]
    },
    {
        "timestamp": 18.0,
        "basename": "000018",
        "tx": 0.11123953759670258,
        "ty": -0.005544418469071388,
        "tz": 1.8983821868896484,
        "qx": -0.0028424407064049327,
        "qy": 0.004800979517409909,
        "qz": -0.00031095875022535836,
        "qw": 0.9999843870936983,
        "transform_matrix": [
            [
                0.9999538660049438,
                0.0005946148303337395,
                0.009603564627468586,
                0.11123953759670258
            ],
            [
                -0.0006492009270004928,
                0.9999840259552002,
                0.0056818095035851,
                -0.005544418469071388
            ],
            [
                -0.00960005633533001,
                -0.005687777418643236,
                0.9999377727508545,
                1.8983821868896484
            ],
            [
                0.0,
                0.0,
                0.0,
                1.0
            ]
        ]
    },
    {
        "timestamp": 19.0,
        "basename": "000019",
        "tx": 0.10011376440525055,
        "ty": 0.002172633074223995,
        "tz": 2.0263583660125732,
        "qx": -0.0032578212503578466,
        "qy": -0.06069292923660036,
        "qz": -0.0016497168542950469,
        "qw": 0.998149805077215,
        "transform_matrix": [
            [
                0.9926273822784424,
                0.0036887836176902056,
                -0.12115054577589035,
                0.10011376440525055
            ],
            [
                -0.002897875616326928,
                0.9999737739562988,
                0.006703842431306839,
                0.002172633074223995
            ],
            [
                0.12117203325033188,
                -0.006303334143012762,
                0.9926115870475769,
                2.0263583660125732
            ],
            [
                0.0,
                0.0,
                0.0,
                1.0
            ]
        ]
    },
    {
        "timestamp": 20.0,
        "basename": "000020",
        "tx": 0.08656322211027145,
        "ty": -0.012859134934842587,
        "tz": 2.165231943130493,
        "qx": -0.003859281918861336,
        "qy": -0.06341381008599702,
        "qz": -0.001351231502018456,
        "qw": 0.9979789420658512,
        "transform_matrix": [
            [
                0.9919537901878357,
                0.0031864657066762447,
                -0.12656088173389435,
                0.08656322211027145
            ],
            [
                -0.0022075374145060778,
                0.9999670386314392,
                0.007874340750277042,
                -0.012859134934842587
            ],
            [
                0.12658174335956573,
                -0.007531589828431606,
                0.9919276237487793,
                2.165231943130493
            ],
            [
                0.0,
                0.0,
                0.0,
                1.0
            ]
        ]
    },
    {
        "timestamp": 21.0,
        "basename": "000021",
        "tx": 0.10635870695114136,
        "ty": 0.015033642761409283,
        "tz": 2.271125078201294,
        "qx": -0.001173866966538994,
        "qy": -0.0050568905715831875,
        "qz": 0.00015598512167809886,
        "qw": 0.9999865126904132,
        "transform_matrix": [
            [
                0.9999488592147827,
                -0.0003000938449986279,
                -0.010114021599292755,
                0.10635870695114136
            ],
            [
                0.0003238383214920759,
                0.9999977350234985,
                0.0023461279924958944,
                0.015033642761409283
            ],
            [
                0.010113270953297615,
                -0.0023492772597819567,
                0.999946117401123,
                2.271125078201294
            ],
            [
                0.0,
                0.0,
                0.0,
                1.0
            ]
        ]
    },
    {
        "timestamp": 22.0,
        "basename": "000022",
        "tx": 0.08137692511081696,
        "ty": 0.030048495158553123,
        "tz": 2.379650354385376,
        "qx": 0.002812066351494284,
        "qy": 0.07681293227232017,
        "qz": -0.003062213271176291,
        "qw": 0.9970368541676105,
        "transform_matrix": [
            [
                0.9881808757781982,
                0.006538288202136755,
                0.1531534343957901,
                0.08137692511081696
            ],
            [
                -0.00567427184432745,
                0.999966025352478,
                -0.006077899131923914,
                0.030048495158553123
            ],
            [
                -0.15318791568279266,
                0.005137037951499224,
                0.9881837368011475,
                2.379650354385376
            ],
            [
                0.0,
                0.0,
                0.0,
                1.0
            ]
        ]
    },
    {
        "timestamp": 23.0,
        "basename": "000023",
        "tx": 0.09967238456010818,
        "ty": 0.0387677364051342,
        "tz": 2.5102341175079346,
        "qx": 0.0029611085158500108,
        "qy": 0.06503049066244143,
        "qz": -0.0020227747129130144,
        "qw": 0.9978768338342263,
        "transform_matrix": [
            [
                0.9915339350700378,
                0.0044220867566764355,
                0.1297728717327118,
                0.09967238456010818
            ],
            [
                -0.0036518345586955547,
                0.9999748468399048,
                -0.006172723602503538,
                0.0387677364051342
            ],
            [
                -0.1297968477010727,
                0.005646564532071352,
                0.9915245175361633,
                2.5102341175079346
            ],
            [
                0.0,
                0.0,
                0.0,
                1.0
            ]
        ]
    },
    {
        "timestamp": 24.0,
        "basename": "000024",
        "tx": 0.1717628687620163,
        "ty": 0.08764050900936127,
        "tz": 2.701261520385742,
        "qx": 0.0050618838320439325,
        "qy": -0.000550247690574987,
        "qz": -0.0015825093173991419,
        "qw": 0.9999857850108722,
        "transform_matrix": [
            [
                0.9999944567680359,
                0.0031594044994562864,
                -0.0011165016330778599,
                0.1717628687620163
            ],
            [
                -0.0031705438159406185,
                0.9999443292617798,
                -0.010121878236532211,
                0.08764050900936127
            ],
            [
                0.0010844581993296742,
                0.010125372558832169,
                0.9999481439590454,
                2.701261520385742
            ],
            [
                0.0,
                0.0,
                0.0,
                1.0
            ]
        ]
    },
    {
        "timestamp": 25.0,
        "basename": "000025",
        "tx": 0.07911542057991028,
        "ty": -0.001902085728943348,
        "tz": 2.850955009460449,
        "qx": -0.002473263779720568,
        "qy": -0.03643222704481529,
        "qz": -0.00033942629140316493,
        "qw": 0.9993330078550511,
        "transform_matrix": [
            [
                0.9973452091217041,
                0.0008586132898926735,
                -0.07281418144702911,
                0.07911542057991028
            ],
            [
                -0.0004981865058653057,
                0.9999881386756897,
                0.004967962391674519,
                -0.001902085728943348
            ],
            [
                0.07281754910945892,
                -0.004918495658785105,
                0.9973331093788147,
                2.850955009460449
            ],
            [
                0.0,
                0.0,
                0.0,
                1.0
            ]
        ]
    },
    {
        "timestamp": 26.0,
        "basename": "000026",
        "tx": 0.16138386726379395,
        "ty": 0.0753001719713211,
        "tz": 2.935445785522461,
        "qx": 0.0035481058263402373,
        "qy": -0.013695845500760334,
        "qz": 0.0005785593918104034,
        "qw": 0.9998997449895136,
        "transform_matrix": [
            [
                0.9996243715286255,
                -0.001254191854968667,
                -0.027384841814637184,
                0.16138386726379395
            ],
            [
                0.0010598141234368086,
                0.99997478723526,
                -0.007111344952136278,
                0.0753001719713211
            ],
            [
                0.027393057942390442,
                0.007079658098518848,
                0.9995995759963989,
                2.935445785522461
            ],
            [
                0.0,
                0.0,
                0.0,
                1.0
            ]
        ]
    },
    {
        "timestamp": 27.0,
        "basename": "000027",
        "tx": 0.17682945728302002,
        "ty": 0.08895251899957657,
        "tz": 3.0133349895477295,
        "qx": 0.004862376727339523,
        "qy": 0.012880176860905174,
        "qz": -0.00011993168046962835,
        "qw": 0.9999052174846299,
        "transform_matrix": [
            [
                0.9996683597564697,
                0.0003650974831543863,
                0.025756744667887688,
                0.17682945728302002
            ],
            [
                -0.00011458384688012302,
                0.9999533295631409,
                -0.009726918302476406,
                0.08895251899957657
            ],
            [
                -0.02575908787548542,
                0.009720748290419579,
                0.9996207356452942,
                3.0133349895477295
            ],
            [
                0.0,
                0.0,
                0.0,
                1.0
            ]
        ]
    },
    {
        "timestamp": 28.0,
        "basename": "000028",
        "tx": 0.12713763117790222,
        "ty": 0.04540617763996124,
        "tz": 3.0505592823028564,
        "qx": 0.002352175111659381,
        "qy": -0.023034200481942803,
        "qz": -0.0002859856671405572,
        "qw": 0.9997318695993442,
        "transform_matrix": [
            [
                0.9989388585090637,
                0.00046345737064257264,
                -0.04605739563703537,
                0.12713763117790222
            ],
            [
                -0.0006801788113079965,
                0.9999895691871643,
                -0.004689913243055344,
                0.04540617763996124
            ],
            [
                0.046054720878601074,
                0.0047162664122879505,
                0.998927652835846,
                3.0505592823028564
            ],
            [
                0.0,
                0.0,
                0.0,
                1.0
            ]
        ]
    },
    {
        "timestamp": 29.0,
        "basename": "000029",
        "tx": 0.1500420868396759,
        "ty": 0.030392277985811234,
        "tz": 3.207439422607422,
        "qx": -0.002732380171164734,
        "qy": -0.08173194380518896,
        "qz": 0.00013132104834985496,
        "qw": 0.9966505938468145,
        "transform_matrix": [
            [
                0.9866399168968201,
                0.00018488327623344958,
                -0.1629171073436737,
                0.1500420868396759
            ],
            [
                0.0007084081880748272,
                0.9999858140945435,
                0.005424987990409136,
                0.030392277985811234
            ],
            [
                0.16291572153568268,
                -0.005467927549034357,
                0.9866247177124023,
                3.207439422607422
            ],
            [
                0.0,
                0.0,
                0.0,
                1.0
            ]
        ]
    },
    {
        "timestamp": 30.0,
        "basename": "000030",
        "tx": 0.07744646817445755,
        "ty": 0.04504043981432915,
        "tz": 3.2820322513580322,
        "qx": -0.00018985851148631023,
        "qy": -0.04523465218950159,
        "qz": -3.954214422681605e-05,
        "qw": 0.9989763704069577,
        "transform_matrix": [
            [
                0.9959078431129456,
                9.617981413612142e-05,
                -0.09037667512893677,
                0.07744646817445755
            ],
            [
                -6.182688957778737e-05,
                1.0000007152557373,
                0.00038290463271550834,
                0.04504043981432915
            ],
            [
                0.09037675708532333,
                -0.0003757521917577833,
                0.9959074258804321,
                3.2820322513580322
            ],
            [
                0.0,
                0.0,
                0.0,
                1.0
            ]
        ]
    },
    {
        "timestamp": 31.0,
        "basename": "000031",
        "tx": 0.09592762589454651,
        "ty": 0.05784885585308075,
        "tz": 3.3194706439971924,
        "qx": 0.004529108109661153,
        "qy": 0.04476478727554794,
        "qz": -0.00037639207142070905,
        "qw": 0.9989872167995518,
        "transform_matrix": [
            [
                0.995992124080658,
                0.0011575116077437997,
                0.08943550288677216,
                0.09592762589454651
            ],
            [
                -0.0003465322370175272,
                0.9999595284461975,
                -0.009082739241421223,
                0.05784885585308075
            ],
            [
                -0.08944234251976013,
                0.009015349671244621,
                0.9959511756896973,
                3.3194706439971924
            ],
            [
                0.0,
                0.0,
                0.0,
                1.0
            ]
        ]
    },
    {
        "timestamp": 32.0,
        "basename": "000032",
        "tx": 0.06601324677467346,
        "ty": 0.047196704894304276,
        "tz": 3.377664566040039,
        "qx": 0.0035428176889303383,
        "qy": 0.06305613171705257,
        "qz": -0.0024585731544348767,
        "qw": 0.9980006653874278,
        "transform_matrix": [
            [
                0.9920358657836914,
                0.005354111548513174,
                0.12584272027015686,
                0.06601324677467346
            ],
            [
                -0.004460521508008242,
                0.999963641166687,
                -0.007381523959338665,
                0.047196704894304276
            ],
            [
                -0.12587758898735046,
                0.006761417258530855,
                0.9920228123664856,
                3.377664566040039
            ],
            [
                0.0,
                0.0,
                0.0,
                1.0
            ]
        ]
    },
    {
        "timestamp": 33.0,
        "basename": "000033",
        "tx": 0.07046696543693542,
        "ty": 0.03555820509791374,
        "tz": 3.455920934677124,
        "qx": 0.002666276338792389,
        "qy": 0.05544469260889033,
        "qz": -0.0014134348188227556,
        "qw": 0.9984571995003111,
        "transform_matrix": [
            [
                0.9938478469848633,
                0.003118172287940979,
                0.11071078479290009,
                0.07046696543693542
            ],
            [
                -0.002526845782995224,
                0.9999827146530151,
                -0.00548106012865901,
                0.03555820509791374
            ],
            [
                -0.11072587966918945,
                0.005167593713849783,
                0.9938375353813171,
                3.455920934677124
            ],
            [
                0.0,
                0.0,
                0.0,
                1.0
            ]
        ]
    },
    {
        "timestamp": 34.0,
        "basename": "000034",
        "tx": 0.139749675989151,
        "ty": 0.09116916358470917,
        "tz": 3.6400139331817627,
        "qx": 0.004533438316787446,
        "qy": 0.03770700682179276,
        "qz": -0.0010893780804015916,
        "qw": 0.9992779607441402,
        "transform_matrix": [
            [
                0.9971541166305542,
                0.0025190694723278284,
                0.07534969598054886,
                0.139749675989151
            ],
            [
                -0.0018352975603193045,
                0.9999573826789856,
                -0.009142482653260231,
                0.09116916358470917
            ],
            [
                -0.0753694623708725,
                0.008978181518614292,
                0.9971151947975159,
                3.6400139331817627
            ],
            [
                0.0,
                0.0,
                0.0,
                1.0
            ]
        ]
    },
    {
        "timestamp": 35.0,
        "basename": "000035",
        "tx": 0.1068989560008049,
        "ty": 0.06826114654541016,
        "tz": 3.698112964630127,
        "qx": 0.0036901386057371223,
        "qy": 0.025487860026564946,
        "qz": -0.001264335892777969,
        "qw": 0.9996675213905305,
        "transform_matrix": [
            [
                0.9986976385116577,
                0.0027159403543919325,
                0.050949450582265854,
                0.1068989560008049
            ],
            [
                -0.0023397228214889765,
                0.9999704360961914,
                -0.0074422722682356834,
                0.06826114654541016
            ],
            [
                -0.05096811428666115,
                0.0073133776895701885,
                0.9986733794212341,
                3.698112964630127
            ],
            [
                0.0,
                0.0,
                0.0,
                1.0
            ]
        ]
    },
    {
        "timestamp": 36.0,
        "basename": "000036",
        "tx": 0.14088447391986847,
        "ty": 0.0970560759305954,
        "tz": 3.988481283187866,
        "qx": 0.003928187618881812,
        "qy": 0.02274120324173218,
        "qz": -0.0016186257425083194,
        "qw": 0.9997323577177316,
        "transform_matrix": [
            [
                0.9989606142044067,
                0.003415050683543086,
                0.04545752704143524,
                0.14088447391986847
            ],
            [
                -0.0030577208381146193,
                0.9999648332595825,
                -0.007927889935672283,
                0.0970560759305954
            ],
            [
                -0.04548295959830284,
                0.007780658546835184,
                0.9989345669746399,
                3.988481283187866
            ],
            [
                0.0,
                0.0,
                0.0,
                1.0
            ]
        ]
    },
    {
        "timestamp": 37.0,
        "basename": "000037",
        "tx": 0.1503457874059677,
        "ty": 0.07940159738063812,
        "tz": 4.0190019607543945,
        "qx": 0.0005593195537807852,
        "qy": 0.033854447547171526,
        "qz": -0.005237754161362662,
        "qw": 0.9994128923894557,
        "transform_matrix": [
            [
                0.997653067111969,
                0.010507228784263134,
                0.0676632970571518,
                0.1503457874059677
            ],
            [
                -0.010431491769850254,
                0.9999455213546753,
                -0.0014726174995303154,
                0.07940159738063812
            ],
            [
                -0.06767501682043076,
                0.0007633476634509861,
                0.9977067708969116,
                4.0190019607543945
            ],
            [
                0.0,
                0.0,
                0.0,
                1.0
            ]
        ]
    },
    {
        "timestamp": 38.0,
        "basename": "000038",
        "tx": 0.190106600522995,
        "ty": 0.0865524485707283,
        "tz": 4.1850762367248535,
        "qx": 0.002055642921443297,
        "qy": 0.04790029937609282,
        "qz": -0.005362257370651073,
        "qw": 0.9988356130253622,
        "transform_matrix": [
            [
                0.9953539371490479,
                0.010908961296081543,
                0.0956670343875885,
                0.190106600522995
            ],
            [
                -0.010515098460018635,
                0.9999349117279053,
                -0.004620202351361513,
                0.0865524485707283
            ],
            [
                -0.0957111120223999,
                0.003592797089368105,
                0.995402455329895,
                4.1850762367248535
            ],
            [
                0.0,
                0.0,
                0.0,
                1.0
            ]
        ]
    },
    {
        "timestamp": 39.0,
        "basename": "000039",
        "tx": 0.19112826883792877,
        "ty": 0.08639345318078995,
        "tz": 4.253942012786865,
        "qx": 0.0023551218029312536,
        "qy": 0.06835765112648992,
        "qz": -0.005541029787517555,
        "qw": 0.9976427125592892,
        "transform_matrix": [
            [
                0.9905932545661926,
                0.011377917602658272,
                0.13636697828769684,
                0.19112826883792877
            ],
            [
                -0.010733959265053272,
                0.99992835521698,
                -0.005456679966300726,
                0.08639345318078995
            ],
            [
                -0.1364191323518753,
                0.003941602539271116,
                0.9906432032585144,
                4.253942012786865
            ],
            [
                0.0,
