[
    {
        "timestamp": 0.0,
        "basename": "000000",
        "tx": 5.7689652749104425e-05,
        "ty": 0.00032954616472125053,
        "tz": -0.0016438981983810663,
        "qx": -4.2629563221132474e-05,
        "qy": 0.00018472876530313103,
        "qz": 2.971283387834171e-05,
        "qw": 0.9999999815875754,
        "transform_matrix": [
            [
                0.9999999403953552,
                -5.9441415942274034e-05,
                0.0003694549959618598,
                5.7689652749104425e-05
            ],
            [
                5.9409918321762234e-05,
                1.0,
                8.527010504622012e-05,
                0.00032954616472125053
            ],
            [
                -0.0003694600600283593,
                -8.524814620614052e-05,
                0.9999999403953552,
                -0.0016438981983810663
            ],
            [
                0.0,
                0.0,
                0.0,
                1.0
            ]
        ]
    },
    {
        "timestamp": 0.7979666753248735,
        "basename": "000001",
        "tx": 0.0078125,
        "ty": -0.0035400390625,
        "tz": 0.099609375,
        "qx": -0.00046492773684188505,
        "qy": -0.01726809756973516,
        "qz": -0.0008085109797995921,
        "qw": 0.9998504602981974,
        "transform_matrix": [
            [
                0.9994023442268372,
                0.0016328369965776801,
                -0.03453027829527855,
                0.0078125
            ],
            [
                -0.0016007233643904328,
                0.9999982714653015,
                0.0009576393058523536,
                -0.0035400390625
            ],
            [
                0.03453178331255913,
                -0.0009017935371957719,
                0.999403178691864,
                0.099609375
            ],
            [
                0.0,
                0.0,
                0.0,
                1.0
            ]
        ]
    },
    {
        "timestamp": 1.595933350649747,
        "basename": "000002",
        "tx": -0.00421142578125,
        "ty": -0.000823974609375,
        "tz": 0.1455078125,
        "qx": 0.00025253488955547415,
        "qy": 0.004518219520156707,
        "qz": 0.00026999775779056387,
        "qw": 0.9999897244570607,
        "transform_matrix": [
            [
                0.9999590516090393,
                -0.0005377079360187054,
                0.009036482311785221,
                -0.00421142578125
            ],
            [
                0.0005422719987109303,
                0.9999997019767761,
                -0.0005026247818022966,
                -0.000823974609375
            ],
            [
                -0.009036210365593433,
                0.0005075043882243335,
                0.9999590516090393,
                0.1455078125
            ],
            [
                0.0,
                0.0,
                0.0,
                1.0
            ]
        ]
    },
    {
        "timestamp": 2.3939000259746206,
        "basename": "000003",
        "tx": -0.0166015625,
        "ty": -0.0013427734375,
        "tz": 0.2109375,
        "qx": 0.00038695553509388475,
        "qy": 0.03995247087507448,
        "qz": -0.00013274536710681053,
        "qw": 0.9992014975544511,
        "transform_matrix": [
            [
                0.9968075752258301,
                0.00029619838460348547,
                0.07984103262424469,
                -0.0166015625
            ],
            [
                -0.0002343590895179659,
                0.9999996423721313,
                -0.0007839000900276005,
                -0.0013427734375
            ],
            [
                -0.0798412412405014,
                0.0007626860751770437,
                0.9968072772026062,
                0.2109375
            ],
            [
                0.0,
                0.0,
                0.0,
                1.0
            ]
        ]
    },
    {
        "timestamp": 3.191866701299494,
        "basename": "000004",
        "tx": -0.009942086413502693,
        "ty": -0.0016559211071580648,
        "tz": 0.29523298144340515,
        "qx": 0.0008389647279013635,
        "qy": 0.02160462110892548,
        "qz": -0.00022223200918496835,
        "qw": 0.9997662162215021,
        "transform_matrix": [
            [
                0.9990663528442383,
                0.00048061113920994103,
                0.04319876804947853,
                -0.009942086413502693
            ],
            [
                -0.00040810907375998795,
                0.9999985098838806,
                -0.0016871397383511066,
                -0.0016559211071580648
            ],
            [
                -0.04319951310753822,
                0.0016679347027093172,
                0.999065101146698,
                0.29523298144340515
            ],
            [
                0.0,
                0.0,
                0.0,
                1.0
            ]
        ]
    },
    {
        "timestamp": 3.989833376624367,
        "basename": "000005",
        "tx": -0.0057373046875,
        "ty": 0.000293731689453125,
        "tz": 0.380859375,
        "qx": 0.0011304461198096045,
        "qy": 0.007594442396973748,
        "qz": -0.000367956845022004,
        "qw": 0.9999704551355553,
        "transform_matrix": [
            [
                0.9998843669891357,
                0.0007530621951445937,
                0.01518760435283184,
                -0.0057373046875
            ],
            [
                -0.0007187217124737799,
                0.9999971985816956,
                -0.0022664142306894064,
                0.000293731689453125
            ],
            [
                -0.015189267694950104,
                0.002255236729979515,
                0.9998821020126343,
                0.380859375
            ],
            [
                0.0,
                0.0,
                0.0,
                1.0
            ]
        ]
    },
    {
        "timestamp": 4.787800051949241,
        "basename": "000006",
        "tx": -0.007564026862382889,
        "ty": -0.0009391601197421551,
        "tz": 0.45623618364334106,
        "qx": 0.0013330725486409751,
        "qy": 0.010897701786938966,
        "qz": -0.0012916997256590345,
        "qw": 0.9999388953956946,
        "transform_matrix": [
            [
                0.9997591376304626,
                0.0026122964918613434,
                0.021790627390146255,
                -0.007564026862382889
            ],
            [
                -0.0025541866198182106,
                0.999993085861206,
                -0.0026941352989524603,
                -0.0009391601197421551
            ],
            [
                -0.02179751545190811,
                0.0026378289330750704,
                0.9997588992118835,
                0.45623618364334106
            ],
            [
                0.0,
                0.0,
                0.0,
                1.0
            ]
        ]
    },
    {
        "timestamp": 5.585766727274114,
        "basename": "000007",
        "tx": -0.01416015625,
        "ty": -0.0032501220703125,
        "tz": 0.49609375,
        "qx": 0.0006732474577381373,
        "qy": 0.04115841755166707,
        "qz": 0.00010785632339507749,
        "qw": 0.9991524006724484,
        "transform_matrix": [
            [
                0.9966119527816772,
                -0.00016011019761208445,
                0.08224720507860184,
                -0.01416015625
            ],
            [
                0.00027094941469840705,
                0.9999990463256836,
                -0.0013364751357585192,
                -0.0032501220703125
            ],
            [
                -0.08224692195653915,
                0.0013542320812121034,
                0.9966110587120056,
                0.49609375
            ],
            [
                0.0,
                0.0,
                0.0,
                1.0
            ]
        ]
    },
    {
        "timestamp": 6.383733402598988,
        "basename": "000008",
        "tx": -0.027362942695617676,
        "ty": -0.007108356337994337,
        "tz": 0.5662001371383667,
        "qx": 0.0011391673226018618,
        "qy": 0.09037551371751061,
        "qz": 0.0002614797626226741,
        "qw": 0.9959070742024282,
        "transform_matrix": [
            [
                0.9836643934249878,
                -0.00031491342815570533,
                0.1800118237733841,
                -0.027362942695617676
            ],
            [
                0.0007267247419804335,
                0.9999972581863403,
                -0.0022217468358576298,
                -0.007108356337994337
            ],
            [
                -0.1800106316804886,
                0.0023162723518908024,
                0.983661949634552,
                0.5662001371383667
            ],
            [
                0.0,
                0.0,
                0.0,
                1.0
            ]
        ]
    },
    {
        "timestamp": 7.181700077923861,
        "basename": "000009",
        "tx": -0.007060694042593241,
        "ty": -0.007454638369381428,
        "tz": 0.6361291408538818,
        "qx": 9.981841280103973e-05,
        "qy": 0.06779779219803261,
        "qz": 3.2738843728670464e-05,
        "qw": 0.9976990770455413,
        "transform_matrix": [
            [
                0.9908069372177124,
                -5.179209620109759e-05,
                0.13528358936309814,
                -0.007060694042593241
            ],
            [
                7.886196544859558e-05,
                1.0,
                -0.000194738240679726,
                -0.007454638369381428
            ],
            [
                -0.13528358936309814,
                0.0002036167134065181,
                0.9908068776130676,
                0.6361291408538818
            ],
            [
                0.0,
                0.0,
                0.0,
                1.0
            ]
        ]
    },
    {
        "timestamp": 7.979666753248734,
        "basename": "000010",
        "tx": 0.004969758912920952,
        "ty": -0.007030390668660402,
        "tz": 0.7253423929214478,
        "qx": -0.0016689376372895917,
        "qy": 0.04671476715109797,
        "qz": -0.0004123012110370857,
        "qw": 0.9989067900384364,
        "transform_matrix": [
            [
                0.9956350922584534,
                0.0006677728961221874,
                0.09332877397537231,
                0.004969758912920952
            ],
            [
                -0.0009796289959922433,
                0.9999940991401672,
                0.0032957051880657673,
                -0.007030390668660402
            ],
            [
                -0.09332601726055145,
                -0.003372747451066971,
                0.9956299066543579,
                0.7253423929214478
            ],
            [
                0.0,
                0.0,
                0.0,
                1.0
            ]
        ]
    },
    {
        "timestamp": 8.777633428573608,
        "basename": "000011",
        "tx": 0.00536394864320755,
        "ty": -0.0076439580880105495,
        "tz": 0.7669188380241394,
        "qx": -0.0017728758211088163,
        "qy": 0.05644086883718781,
        "qz": -0.00018293570698387396,
        "qw": 0.9984043528404477,
        "transform_matrix": [
            [
                0.9936287999153137,
                0.00016516228788532317,
                0.11270226538181305,
                0.00536394864320755
            ],
            [
                -0.0005654129199683666,
                0.999993622303009,
                0.0035194435622543097,
                -0.0076439580880105495
            ],
            [
                -0.11270096898078918,
                -0.0035607439931482077,
                0.9936225414276123,
                0.7669188380241394
            ],
            [
                0.0,
                0.0,
                0.0,
                1.0
            ]
        ]
    },
    {
        "timestamp": 9.575600103898482,
        "basename": "000012",
        "tx": 0.010574188083410263,
        "ty": -0.008386424742639065,
        "tz": 0.8401010036468506,
        "qx": -0.001787797213834821,
        "qy": 0.07001638364993971,
        "qz": -8.006493135801327e-05,
        "qw": 0.9975442363080013,
        "transform_matrix": [
            [
                0.9901953935623169,
                -9.061356831807643e-05,
                0.13968916237354279,
                0.010574188083410263
            ],
            [
                -0.0004100868245586753,
                0.999993622303009,
                0.003555601928383112,
                -0.008386424742639065
            ],
            [
                -0.13968859612941742,
                -0.003578025382012129,
                0.9901890158653259,
                0.8401010036468506
            ],
            [
                0.0,
                0.0,
                0.0,
                1.0
            ]
        ]
    },
    {
        "timestamp": 10.373566779223355,
        "basename": "000013",
        "tx": 0.01811191998422146,
        "ty": -0.006010647397488356,
        "tz": 0.9129429459571838,
        "qx": -0.00180352208428638,
        "qy": 0.08393654647323505,
        "qz": 0.00019321342275756324,
        "qw": 0.9964694506821627,
        "transform_matrix": [
            [
                0.9859092235565186,
                -0.000687825377099216,
                0.1672797054052353,
                0.01811191998422146
            ],
            [
                8.229969535022974e-05,
                0.9999934434890747,
                0.0036267447285354137,
                -0.006010647397488356
            ],
            [
                -0.1672811061143875,
                -0.00356187392026186,
                0.9859027862548828,
                0.9129429459571838
            ],
            [
                0.0,
                0.0,
                0.0,
                1.0
            ]
        ]
    },
    {
        "timestamp": 11.171533454548229,
        "basename": "000014",
        "tx": 0.02394385077059269,
        "ty": -0.009115679189562798,
        "tz": 0.9723391532897949,
        "qx": -0.0007392443182327418,
        "qy": 0.11291012171531266,
        "qz": -0.00020773810364800162,
        "qw": 0.9936049087927009,
        "transform_matrix": [
            [
                0.9745025038719177,
                0.00024588286760263145,
                0.22437641024589539,
                0.02394385077059269
            ],
            [
                -0.0005797555204480886,
                0.9999988079071045,
                0.0014221221208572388,
                -0.009115679189562798
            ],
            [
                -0.22437578439712524,
                -0.001515944954007864,
                0.9745014905929565,
                0.9723391532897949
            ],
            [
                0.0,
                0.0,
                0.0,
                1.0
            ]
        ]
    },
    {
        "timestamp": 11.969500129873103,
        "basename": "000015",
        "tx": 0.03379569202661514,
        "ty": -0.008869265206158161,
        "tz": 1.0483582019805908,
        "qx": -0.0009072533619367441,
        "qy": 0.1407722479561891,
        "qz": 0.0003918379646380967,
        "qw": 0.9900415130486742,
        "transform_matrix": [
            [
                0.9603660106658936,
                -0.0010313038947060704,
                0.2787400186061859,
                0.03379569202661514
            ],
            [
                0.000520439469255507,
                0.9999980330467224,
                0.0019067567773163319,
                -0.008869265206158161
            ],
            [
                -0.2787414491176605,
                -0.0016861171461641788,
                0.9603646993637085,
                1.0483582019805908
            ],
            [
                0.0,
                0.0,
                0.0,
                1.0
            ]
        ]
    },
    {
        "timestamp": 12.767466805197976,
        "basename": "000016",
        "tx": 0.055613063275814056,
        "ty": -0.0066772266291081905,
        "tz": 1.116163969039917,
        "qx": -0.00015068416264731982,
        "qy": 0.16355470520337914,
        "qz": -6.70711230719772e-05,
        "qw": 0.9865342524218728,
        "transform_matrix": [
            [
                0.9464997053146362,
                8.30457138363272e-05,
                0.3227046728134155,
                0.055613063275814056
            ],
            [
                -0.00018162612104788423,
                0.9999999403953552,
                0.00027537057758308947,
                -0.0066772266291081905
            ],
            [
                -0.32270461320877075,
                -0.00031924978247843683,
                0.9464997053146362,
                1.116163969039917
            ],
            [
                0.0,
                0.0,
                0.0,
                1.0
            ]
        ]
    },
    {
        "timestamp": 13.565433480522849,
        "basename": "000017",
        "tx": 0.05829615145921707,
        "ty": -0.00740897748619318,
        "tz": 1.1551907062530518,
        "qx": 0.00022006699124611234,
        "qy": 0.17083740414410684,
        "qz": -0.00038297571916626855,
        "qw": 0.9852991354129065,
        "transform_matrix": [
            [
                0.9416288733482361,
                0.000829882628750056,
                0.3366517126560211,
                0.05829615145921707
            ],
            [
                -0.0006794999353587627,
                0.9999995827674866,
                -0.0005645167548209429,
                -0.00740897748619318
            ],
            [
                -0.33665207028388977,
                0.0003028104838449508,
                0.9416290521621704,
                1.1551907062530518
            ],
            [
                0.0,
                0.0,
                0.0,
                1.0
            ]
        ]
    },
    {
        "timestamp": 14.363400155847723,
        "basename": "000018",
        "tx": 0.0784381628036499,
        "ty": -0.007927091792225838,
        "tz": 1.2169289588928223,
        "qx": 0.0012076827557056333,
        "qy": 0.1421603135367031,
        "qz": 0.00021093103646240447,
        "qw": 0.9898428876673336,
        "transform_matrix": [
            [
                0.9595807790756226,
                -7.420804467983544e-05,
                0.28143325448036194,
                0.0784381628036499
            ],
            [
                0.000760946306400001,
                0.9999970197677612,
                -0.0023308603558689356,
                -0.007927091792225838
            ],
            [
                -0.28143224120140076,
                0.0024508044589310884,
                0.9595779776573181,
                1.2169289588928223
            ],
            [
                0.0,
                0.0,
                0.0,
                1.0
            ]
        ]
    },
    {
        "timestamp": 15.161366831172597,
        "basename": "000019",
        "tx": 0.11268962919712067,
        "ty": -0.0052747041918337345,
        "tz": 1.2956868410110474,
        "qx": -0.0002955111894301999,
        "qy": 0.10549887175563182,
        "qz": -0.00023587146430813723,
        "qw": 0.9944193507248731,
        "transform_matrix": [
            [
                0.9777398705482483,
                0.00040675810305401683,
                0.20982037484645844,
                0.11268962919712067
            ],
            [
                -0.000531462486833334,
                0.9999997019767761,
                0.000537955726031214,
                -0.0052747041918337345
            ],
            [
                -0.20982010662555695,
                -0.0006374924560077488,
                0.9777398109436035,
                1.2956868410110474
            ],
            [
                0.0,
                0.0,
                0.0,
                1.0
            ]
        ]
    },
    {
        "timestamp": 15.959333506497469,
        "basename": "000020",
        "tx": 0.11912895739078522,
        "ty": -0.006460687145590782,
        "tz": 1.3500479459762573,
        "qx": -0.00019139874527773995,
        "qy": 0.10484534122766243,
        "qz": -0.0001919050033329918,
        "qw": 0.9944885021767949,
        "transform_matrix": [
            [
                0.9780148267745972,
                0.0003415601095184684,
                0.20853504538536072,
                0.11912895739078522
            ],
            [
                -0.0004218291724100709,
                0.9999998807907104,
                0.00034044700441882014,
                -0.006460687145590782
            ],
            [
                -0.20853489637374878,
                -0.000420928408857435,
                0.9780148267745972,
                1.3500479459762573
            ],
            [
                0.0,
                0.0,
                0.0,
                1.0
            ]
        ]
    },
    {
        "timestamp": 16.757300181822345,
        "basename": "000021",
        "tx": 0.12897169589996338,
        "ty": -0.008359850384294987,
        "tz": 1.4219552278518677,
        "qx": 0.0012396048692595873,
        "qy": 0.12917289296645673,
        "qz": 0.00016804138480881655,
        "qw": 0.9916212981095844,
        "transform_matrix": [
            [
                0.9666286706924438,
                -1.3020149708609097e-05,
                0.25618159770965576,
                0.12897169589996338
            ],
            [
                0.0006535135325975716,
                0.9999968409538269,
                -0.0024150244425982237,
                -0.008359850384294987
            ],
            [
                -0.2561807632446289,
                0.0025018497835844755,
                0.9666256308555603,
                1.4219552278518677
            ],
            [
                0.0,
                0.0,
                0.0,
                1.0
            ]
        ]
    },
    {
        "timestamp": 17.555266857147217,
        "basename": "000022",
        "tx": 0.14609505236148834,
        "ty": -0.00718388706445694,
        "tz": 1.4991607666015625,
        "qx": 0.000976985201276167,
        "qy": 0.1312576718052625,
        "qz": -6.821408610705945e-05,
        "qw": 0.9913478019539947,
        "transform_matrix": [
            [
                0.9655428528785706,
                0.0003917213762179017,
                0.26024389266967773,
                0.14609505236148834
            ],
            [
                0.00012122582120355219,
                0.9999980926513672,
                -0.001954971579834819,
                -0.00718388706445694
            ],
            [
                -0.26024413108825684,
                0.0019191569881513715,
                0.9655409455299377,
                1.4991607666015625
            ],
            [
                0.0,
                0.0,
                0.0,
                1.0
            ]
        ]
    },
    {
        "timestamp": 18.35323353247209,
        "basename": "000023",
        "tx": 0.1673731803894043,
        "ty": -0.007648858707398176,
        "tz": 1.5859121084213257,
        "qx": 0.001134064231597271,
        "qy": 0.11913866832313111,
        "qz": -0.0002481500168339503,
        "qw": 0.9928769460663687,
        "transform_matrix": [
            [
                0.9716118574142456,
                0.0007629866595380008,
                0.2365795075893402,
                0.1673731803894043
            ],
            [
                -0.0002225430798716843,
                0.9999973177909851,
                -0.0023111009504646063,
                -0.007648858707398176
            ],
            [
                -0.23658064007759094,
                0.0021928439382463694,
                0.971609354019165,
                1.5859121084213257
            ],
            [
                0.0,
                0.0,
                0.0,
                1.0
            ]
        ]
    },
    {
        "timestamp": 19.151200207796965,
        "basename": "000024",
        "tx": 0.1972612738609314,
        "ty": -0.010927175171673298,
        "tz": 1.7070409059524536,
        "qx": 0.00036113655537592,
        "qy": 0.10162101301557892,
        "qz": 0.00047100432067054585,
        "qw": 0.9948230081019466,
        "transform_matrix": [
            [
                0.9793459177017212,
                -0.0008637337014079094,
                0.20219019055366516,
                0.1972612738609314
            ],
            [
                0.0010105300461873412,
                0.9999992847442627,
                -0.000622806022875011,
                -0.010927175171673298
            ],
            [
                -0.20218950510025024,
                0.0008142617880366743,
                0.9793460965156555,
                1.7070409059524536
            ],
            [
                0.0,
                0.0,
                0.0,
                1.0
            ]
        ]
    },
    {
        "timestamp": 19.949166883121837,
        "basename": "000025",
        "tx": 0.22360268235206604,
        "ty": -0.009104510769248009,
        "tz": 1.8258624076843262,
        "qx": 0.000191731392790007,
        "qy": 0.08798584142960815,
        "qz": -5.1812329348886384e-05,
        "qw": 0.9961217055473088,
        "transform_matrix": [
            [
                0.984516978263855,
                0.00013696207315661013,
                0.17528919875621796,
                0.22360268235206604
            ],
            [
                -6.948347436264157e-05,
                0.9999999403953552,
                -0.0003910931118298322,
                -0.009104510769248009
            ],
            [
                -0.17528922855854034,
                0.0003728581068571657,
                0.9845169186592102,
                1.8258624076843262
            ],
            [
                0.0,
                0.0,
                0.0,
                1.0
            ]
        ]
    },
    {
        "timestamp": 20.74713355844671,
        "basename": "000026",
        "tx": 0.2322225570678711,
        "ty": -0.010185353457927704,
        "tz": 1.9195133447647095,
        "qx": 0.0017075732473510966,
        "qy": 0.14104024767268386,
        "qz": 0.0011262453202504552,
        "qw": 0.9900017496456819,
        "transform_matrix": [
            [
                0.960212767124176,
                -0.001748296432197094,
                0.27926403284072876,
                0.2322225570678711
            ],
            [
                0.002711642999202013,
                0.9999916553497314,
                -0.0030633092392235994,
                -0.010185353457927704
            ],
            [
                -0.27925634384155273,
                0.0036986928898841143,
                0.9602094888687134,
                1.9195133447647095
            ],
            [
                0.0,
                0.0,
                0.0,
                1.0
            ]
        ]
    },
    {
        "timestamp": 21.545100233771585,
        "basename": "000027",
        "tx": 0.22985409200191498,
        "ty": -0.013151831924915314,
        "tz": 1.9710683822631836,
        "qx": 0.002162806287324449,
        "qy": 0.18653471365294455,
        "qz": 0.0014386325927329387,
        "qw": 0.9824449364761572,
        "transform_matrix": [
            [
                0.9304054379463196,
                -0.002019877778366208,
                0.36652639508247375,
                0.22985409200191498
            ],
            [
                0.003633631393313408,
                0.9999865293502808,
                -0.003712966339662671,
                -0.013151831924915314
            ],
            [
                -0.3665139377117157,
                0.004786386154592037,
                0.9304002523422241,
                1.9710683822631836
            ],
            [
                0.0,
                0.0,
                0.0,
                1.0
            ]
        ]
    },
    {
        "timestamp": 22.343066909096457,
        "basename": "000028",
        "tx": 0.26491719484329224,
        "ty": -0.010978499427437782,
        "tz": 2.0308127403259277,
        "qx": 0.002674444384351089,
        "qy": 0.14289375639203442,
        "qz": 0.0008468190222024058,
        "qw": 0.9897340575270474,
        "transform_matrix": [
            [
                0.9591612815856934,
                -0.0009119283640757203,
                0.2828581631183624,
                0.26491719484329224
            ],
            [
                0.002440574113279581,
                0.9999842643737793,
                -0.0050519672222435474,
                -0.010978499427437782
            ],
            [
                -0.28284910321235657,
                0.005535987671464682,
                0.9591484665870667,
                2.0308127403259277
            ],
            [
                0.0,
                0.0,
                0.0,
                1.0
            ]
        ]
    },
    {
        "timestamp": 23.14103358442133,
        "basename": "000029",
        "tx": 0.28748807311058044,
        "ty": -0.01386899221688509,
        "tz": 2.099607467651367,
        "qx": 0.0023155917851979788,
        "qy": 0.12675250812646138,
        "qz": 0.001358380567381659,
        "qw": 0.991930740788171,
        "transform_matrix": [
            [
                0.967863917350769,
                -0.0021078246645629406,
                0.25146570801734924,
                0.28748807311058044
            ],
            [
                0.003281853161752224,
                0.9999855756759644,
                -0.004249457269906998,
                -0.01386899221688509
            ],
            [
                -0.25145313143730164,
                0.004938169382512569,
                0.9678568840026855,
                2.099607467651367
            ],
            [
                0.0,
                0.0,
                0.0,
                1.0
            ]
        ]
    },
    {
        "timestamp": 23.939000259746205,
        "basename": "000030",
        "tx": 0.3099075257778168,
        "ty": -0.014120755717158318,
        "tz": 2.1912789344787598,
        "qx": 0.002028635086452211,
        "qy": 0.13387257714416945,
        "qz": 0.0013070856811079707,
        "qw": 0.9909956151545206,
        "transform_matrix": [
            [
                0.9641528725624084,
                -0.0020474751945585012,
                0.26533958315849304,
                0.3099075257778168
            ],
            [
                0.003133789636194706,
                0.9999883770942688,
                -0.0036707711406052113,
                -0.014120755717158318
            ],
            [
                -0.265328973531723,
                0.004370702896267176,
                0.9641480445861816,
                2.1912789344787598
            ],
            [
                0.0,
                0.0,
                0.0,
                1.0
            ]
        ]
    },
    {
        "timestamp": 24.736966935071077,
        "basename": "000031",
        "tx": 0.33449673652648926,
        "ty": -0.014993112534284592,
        "tz": 2.288970470428467,
        "qx": 0.0026283596353210217,
        "qy": 0.14142740549481744,
        "qz": 0.0014705981815359354,
        "qw": 0.9899440479348418,
        "transform_matrix": [
            [
                0.9599922299385071,
                -0.0021681757643818855,
                0.280018150806427,
                0.33449673652648926
            ],
            [
                0.003655063919723034,
                0.9999818801879883,
                -0.00478789210319519,
                -0.014993112534284592
            ],
            [
                -0.2800027132034302,
                0.005619823932647705,
                0.9599827527999878,
                2.288970470428467
            ],
            [
                0.0,
                0.0,
                0.0,
                1.0
            ]
        ]
    },
    {
        "timestamp": 25.534933610395953,
        "basename": "000032",
        "tx": 0.36422428488731384,
        "ty": -0.015191087499260902,
        "tz": 2.3943614959716797,
        "qx": 0.0029237669511375393,
        "qy": 0.14192793133896883,
        "qz": 0.0014508519871995495,
        "qw": 0.9898716123423116,
        "transform_matrix": [
            [
                0.9597086906433105,
                -0.0020423862151801586,
                0.2809893488883972,
                0.36422428488731384
            ],
            [
                0.003702242625877261,
                0.9999787211418152,
                -0.0053764753974974155,
                -0.015191087499260902
            ],
            [
                -0.28097236156463623,
                0.006200140342116356,
                0.9596958160400391,
                2.3943614959716797
            ],
            [
                0.0,
                0.0,
                0.0,
                1.0
            ]
        ]
    },
    {
        "timestamp": 26.332900285720825,
        "basename": "000033",
        "tx": 0.40744975209236145,
        "ty": -0.014917816035449505,
        "tz": 2.5406064987182617,
        "qx": 0.0031580593564720103,
        "qy": 0.12485157314694047,
        "qz": 0.0018128043206909429,
        "qw": 0.9921687482904962,
        "transform_matrix": [
            [
                0.9688175916671753,
                -0.0028086381498724222,
                0.24775910377502441,
                0.40744975209236145
            ],
            [
                0.00438579311594367,
                0.999973475933075,
                -0.00581399304792285,
                -0.014917816035449505
            ],
            [
                -0.24773621559143066,
                0.006719318218529224,
                0.9688042402267456,
                2.5406064987182617
            ],
            [
                0.0,
                0.0,
                0.0,
                1.0
            ]
        ]
    },
    {
        "timestamp": 27.130866961045697,
        "basename": "000034",
        "tx": 0.4192783832550049,
        "ty": -0.01726936548948288,
        "tz": 2.65847110748291,
        "qx": 0.0041297656483695695,
        "qy": 0.1780255988573375,
        "qz": 0.002343832779500524,
        "qw": 0.9840143990994632,
        "transform_matrix": [
            [
                0.936602771282196,
                -0.0031423221807926893,
                0.3503788709640503,
                0.4192783832550049
            ],
            [
                0.006083138287067413,
                0.999954879283905,
                -0.007292972877621651,
                -0.01726936548948288
            ],
            [
                -0.3503401279449463,
                0.008962022140622139,
                0.9365796446800232,
                2.65847110748291
            ],
            [
                0.0,
                0.0,
                0.0,
                1.0
            ]
        ]
    },
    {
        "timestamp": 27.928833636370573,
        "basename": "000035",
        "tx": 0.45361244678497314,
        "ty": -0.020441103726625443,
        "tz": 2.745764970779419,
        "qx": 0.003477293373039107,
        "qy": 0.1448563686526439,
        "qz": 0.0011786974357494732,
        "qw": 0.9894458810687536,
        "transform_matrix": [
            [
                0.9580304622650146,
                -0.0013250983320176601,
                0.2866632640361786,
                0.45361244678497314
            ],
            [
                0.0033399309031665325,
                0.9999730587005615,
                -0.006539703346788883,
                -0.020441103726625443
            ],
            [
                -0.28664687275886536,
                0.007222671061754227,
                0.9580090641975403,
                2.745764970779419
            ],
            [
                0.0,
                0.0,
                0.0,
                1.0
            ]
        ]
    },
    {
        "timestamp": 28.726800311695445,
        "basename": "000036",
        "tx": 0.4881662130355835,
        "ty": -0.02146362140774727,
        "tz": 2.8336269855499268,
        "qx": 0.003317970827733299,
        "qy": 0.11832335431793294,
        "qz": 0.0014259517174119816,
        "qw": 0.9929685501335068,
        "transform_matrix": [
            [
                0.9719951152801514,
                -0.002046663546934724,
                0.23499220609664917,
                0.4881662130355835
            ],
            [
                0.003617037320509553,
                0.9999738931655884,
                -0.00625183479860425,
                -0.02146362140774727
            ],
            [
                -0.23497328162193298,
                0.006926727946847677,
                0.971977174282074,
                2.8336269855499268
            ],
            [
                0.0,
                0.0,
                0.0,
                1.0
            ]
        ]
    },
    {
        "timestamp": 29.524766987020318,
        "basename": "000037",
        "tx": 0.497328519821167,
        "ty": -0.02040526084601879,
        "tz": 2.9135489463806152,
        "qx": 0.00479163965321191,
        "qy": 0.1474673685396427,
        "qz": 0.0012603557569205953,
        "qw": 0.9890545115961976,
        "transform_matrix": [
            [
                0.9565035700798035,
                -0.0010799000738188624,
                0.29171860218048096,
                0.497328519821167
            ],
            [
                0.003906342200934887,
                0.9999508857727051,
                -0.009106663055717945,
                -0.02040526084601879
            ],
            [
                -0.2916944622993469,
                0.009850108064711094,
                0.9564608335494995,
                2.9135489463806152
            ],
            [
                0.0,
                0.0,
                0.0,
                1.0
            ]
        ]
    },
    {
        "timestamp": 30.322733662345193,
        "basename": "000038",
        "tx": 0.5203662514686584,
        "ty": -0.021083233878016472,
        "tz": 3.006631374359131,
        "qx": 0.003851312763877419,
        "qy": 0.18317900324676448,
        "qz": 0.0028315298966081013,
        "qw": 0.9830679542116919,
        "transform_matrix": [
            [
                0.932874858379364,
                -0.004156213253736496,
                0.36017662286758423,
                0.5203662514686584
            ],
            [
                0.006978131830692291,
                0.9999542832374573,
                -0.006534850690513849,
                -0.021083233878016472
            ],
            [
                -0.36013299226760864,
                0.008609557524323463,
                0.9328612089157104,
                3.006631374359131
            ],
            [
                0.0,
                0.0,
                0.0,
                1.0
            ]
        ]
    },
    {
        "timestamp": 31.120700337670065,
        "basename": "000039",
        "tx": 0.5379346013069153,
        "ty": -0.02454625815153122,
        "tz": 3.068136692047119,
        "qx": 0.0050080608040344535,
        "qy": 0.19711419005405068,
        "qz": 0.0027316336902498887,
        "qw": 0.9803639393529838,
        "transform_matrix": [
            [
                0.92227703332901,
