[
    {
        "timestamp": 0.0,
        "basename": "000000",
        "tx": 4.656612873077393e-10,
        "ty": -1.164152940713592e-10,
        "tz": 2.7755575615628914e-17,
        "qx": 2.9103829589371985e-11,
        "qy": -3.46944684855604e-18,
        "qz": 3.637976963948074e-12,
        "qw": 1.0,
        "transform_matrix": [
            [
                1.0000001192092896,
                -3.47881654039206e-11,
                -2.3283064365386963e-10,
                4.656612873077393e-10
            ],
            [
                -2.0236257114447653e-11,
                1.0,
                -6.310887241768095e-30,
                -1.164152940713592e-10
            ],
            [
                -2.3283062977608182e-10,
                1.1641532182693481e-10,
                1.0,
                2.7755575615628914e-17
            ],
            [
                0.0,
                0.0,
                0.0,
                1.0
            ]
        ]
    },
    {
        "timestamp": 1.0,
        "basename": "000001",
        "tx": -0.0041855694726109505,
        "ty": -0.020272260531783104,
        "tz": -0.011379971168935299,
        "qx": -0.003369859919021682,
        "qy": -0.015195078097679865,
        "qz": -0.002334192058204882,
        "qw": 0.999876144926544,
        "transform_matrix": [
            [
                0.9995273351669312,
                0.004770216997712851,
                -0.030370661988854408,
                -0.0041855694726109505
            ],
            [
                -0.0045653944835066795,
                0.9999663829803467,
                0.0068098208867013454,
                -0.020272260531783104
            ],
            [
                0.03040212020277977,
                -0.006667948793619871,
                0.9995153546333313,
                -0.011379971168935299
            ],
            [
                0.0,
                0.0,
                0.0,
                1.0
            ]
        ]
    },
    {
        "timestamp": 2.0,
        "basename": "000002",
        "tx": -0.02338685654103756,
        "ty": -0.01944747008383274,
        "tz": 0.03707565739750862,
        "qx": -0.0036796966150514725,
        "qy": -0.02435198852872269,
        "qz": -0.0027341889746644137,
        "qw": 0.9996929352046903,
        "transform_matrix": [
            [
                0.9987990260124207,
                0.005645914934575558,
                -0.04866890236735344,
                -0.02338685654103756
            ],
            [
                -0.0052874828688800335,
                0.9999579787254333,
                0.007490299176424742,
                -0.01944747008383274
            ],
            [
                0.048709142953157425,
                -0.007223967928439379,
                0.9987869262695312,
                0.03707565739750862
            ],
            [
                0.0,
                0.0,
                0.0,
                1.0
            ]
        ]
    },
    {
        "timestamp": 3.0,
        "basename": "000003",
        "tx": -0.017640365287661552,
        "ty": -0.017750268802046776,
        "tz": 0.04697958007454872,
        "qx": -0.0029127444538220118,
        "qy": 0.0056735761585833735,
        "qz": -0.00392195609669539,
        "qw": 0.9999719719640622,
        "transform_matrix": [
            [
                0.999904990196228,
                0.0078106410801410675,
                0.011369681917130947,
                -0.017640365287661552
            ],
            [
                -0.00787674356251955,
                0.9999521970748901,
                0.00578082213178277,
                -0.017750268802046776
            ],
            [
                -0.011323986575007439,
                -0.005869829095900059,
                0.9999185800552368,
                0.04697958007454872
            ],
            [
                0.0,
                0.0,
                0.0,
                1.0
            ]
        ]
    },
    {
        "timestamp": 4.0,
        "basename": "000004",
        "tx": -0.022908024489879608,
        "ty": -0.011432158760726452,
        "tz": 0.1014680340886116,
        "qx": 0.00017178600368413302,
        "qy": 0.02692569295389617,
        "qz": 9.478511421241091e-05,
        "qw": 0.9996374185494978,
        "transform_matrix": [
            [
                0.9985501170158386,
                -0.0001802493934519589,
                0.05383189022541046,
                -0.022908024489879608
            ],
            [
                0.00019875359430443496,
                0.9999998807907104,
                -0.0003383435250725597,
                -0.011432158760726452
            ],
            [
                -0.053831830620765686,
                0.0003485513443592936,
                0.9985498785972595,
                0.1014680340886116
            ],
            [
                0.0,
                0.0,
                0.0,
                1.0
            ]
        ]
    },
    {
        "timestamp": 5.0,
        "basename": "000005",
        "tx": -0.055492039769887924,
        "ty": -0.01657833345234394,
        "tz": 0.12210839241743088,
        "qx": 0.0012423653028820888,
        "qy": 0.05136416912191404,
        "qz": 0.002238204023943058,
        "qw": 0.9986767090012747,
        "transform_matrix": [
            [
                0.9947136044502258,
                -0.00434285681694746,
                0.10259795188903809,
                -0.055492039769887924
            ],
            [
                0.004598112311214209,
                0.9999869465827942,
                -0.0022515160962939262,
                -0.01657833345234394
            ],
            [
                -0.10258685052394867,
                0.002711369190365076,
                0.9947202205657959,
                0.12210839241743088
            ],
            [
                0.0,
                0.0,
                0.0,
                1.0
            ]
        ]
    },
    {
        "timestamp": 6.0,
        "basename": "000006",
        "tx": -0.038428112864494324,
        "ty": -0.02023245580494404,
        "tz": 0.1539156138896942,
        "qx": 0.0011974487232536489,
        "qy": 0.06882223211528,
        "qz": 0.00020781131082514497,
        "qw": 0.9976281989286813,
        "transform_matrix": [
            [
                0.9905271530151367,
                -0.0002498132234904915,
                0.13731849193572998,
                -0.038428112864494324
            ],
            [
                0.0005794605240225792,
                0.9999971985816956,
                -0.0023606140166521072,
                -0.02023245580494404
            ],
            [
                -0.13731752336025238,
                0.0024178207386285067,
                0.9905239939689636,
                0.1539156138896942
            ],
            [
                0.0,
                0.0,
                0.0,
                1.0
            ]
        ]
    },
    {
        "timestamp": 7.0,
        "basename": "000007",
        "tx": -0.03173379227519035,
        "ty": -0.007938316091895103,
        "tz": 0.19787953794002533,
        "qx": 0.002427726058684953,
        "qy": 0.08984502603685081,
        "qz": 0.00034036601780504914,
        "qw": 0.9959527406426448,
        "transform_matrix": [
            [
                0.983855664730072,
                -0.00024173727433662862,
                0.17896443605422974,
                -0.03173379227519035
            ],
            [
                0.0011142166331410408,
                0.9999881386756897,
                -0.004774640779942274,
                -0.007938316091895103
            ],
            [
                -0.17896117269992828,
                0.004896961152553558,
                0.9838437438011169,
                0.19787953794002533
            ],
            [
                0.0,
                0.0,
                0.0,
                1.0
            ]
        ]
    },
    {
        "timestamp": 8.0,
        "basename": "000008",
        "tx": -0.0390479676425457,
        "ty": -0.013090507127344608,
        "tz": 0.22002379596233368,
        "qx": 0.0018921680725909342,
        "qy": 0.11151823122113848,
        "qz": 0.0006021955148298752,
        "qw": 0.9937604043057138,
        "transform_matrix": [
            [
                0.9751266837120056,
                -0.0007748522330075502,
                0.22164705395698547,
                -0.0390479676425457
            ],
            [
                0.0016188999870792031,
                0.999992311000824,
                -0.0036264124792069197,
                -0.013090507127344608
            ],
            [
                -0.22164255380630493,
                0.0038950343150645494,
                0.975119948387146,
                0.22002379596233368
            ],
            [
                0.0,
                0.0,
                0.0,
                1.0
            ]
        ]
    },
    {
        "timestamp": 9.0,
        "basename": "000009",
        "tx": -0.03122664988040924,
        "ty": -0.007125364150851965,
        "tz": 0.2792806029319763,
        "qx": 0.002648492099642064,
        "qy": 0.14029782707541702,
        "qz": 0.00010891695272099172,
        "qw": 0.9901057990662472,
        "transform_matrix": [
            [
                0.9606330990791321,
                0.0005274784634821117,
                0.2778199315071106,
                -0.03122664988040924
            ],
            [
                0.000958835706114769,
                0.9999862909317017,
                -0.005214013159275055,
                -0.007125364150851965
            ],
            [
                -0.27781885862350464,
                0.005275136791169643,
                0.9606187343597412,
                0.2792806029319763
            ],
            [
                0.0,
                0.0,
                0.0,
                1.0
            ]
        ]
    },
    {
        "timestamp": 10.0,
        "basename": "000010",
        "tx": -0.039326511323451996,
        "ty": -0.014097621664404869,
        "tz": 0.27639198303222656,
        "qx": 0.002199262738840882,
        "qy": 0.15027516227483753,
        "qz": -0.0005624654635374448,
        "qw": 0.9886416046673734,
        "transform_matrix": [
            [
                0.9548341035842896,
                0.0017731445841491222,
                0.29713404178619385,
                -0.039326511323451996
            ],
            [
                -0.00045116248656995595,
                0.9999901056289673,
                -0.004517614841461182,
                -0.014097621664404869
            ],
            [
                -0.29713907837867737,
                0.00417951587587595,
                0.9548247456550598,
                0.27639198303222656
            ],
            [
                0.0,
                0.0,
                0.0,
                1.0
            ]
        ]
    },
    {
        "timestamp": 11.0,
        "basename": "000011",
        "tx": -0.034227289259433746,
        "ty": -0.011655389331281185,
        "tz": 0.28535890579223633,
        "qx": 0.0024769144950220192,
        "qy": 0.14596050504978256,
        "qz": -0.00031053180552686284,
        "qw": 0.9892872684059947,
        "transform_matrix": [
            [
                0.9573908448219299,
                0.001337475492618978,
                0.28879213333129883,
                -0.034227289259433746
            ],
            [
                0.00010865482909139246,
                0.9999880194664001,
                -0.004991411231458187,
                -0.011655389331281185
            ],
            [
                -0.2887953519821167,
                0.004810108803212643,
                0.9573783874511719,
                0.28535890579223633
            ],
            [
                0.0,
                0.0,
                0.0,
                1.0
            ]
        ]
    },
    {
        "timestamp": 12.0,
        "basename": "000012",
        "tx": -0.026386559009552002,
        "ty": -0.011819982901215553,
        "tz": 0.31924673914909363,
        "qx": 0.0024100068901918943,
        "qy": 0.14898179161137357,
        "qz": -0.0005113005398650409,
        "qw": 0.9888368703718589,
        "transform_matrix": [
            [
                0.9556082487106323,
                0.0017292818520218134,
                0.2946348488330841,
                -0.026386559009552002
            ],
            [
                -0.0002930894843302667,
                0.999988317489624,
                -0.004918557126075029,
                -0.011819982901215553
            ],
            [
                -0.29463991522789,
                0.004613857716321945,
                0.955596923828125,
                0.31924673914909363
            ],
            [
                0.0,
                0.0,
                0.0,
                1.0
            ]
        ]
    },
    {
        "timestamp": 13.0,
        "basename": "000013",
        "tx": -0.02702021598815918,
        "ty": -0.012950844131410122,
        "tz": 0.31984955072402954,
        "qx": 0.002291525735537634,
        "qy": 0.1488674724274828,
        "qz": -0.00034503945551070056,
        "qw": 0.9888544410127459,
        "transform_matrix": [
            [
                0.9556766748428345,
                0.0013646568404510617,
                0.2944148778915405,
                -0.02702021598815918
            ],
            [
                -1.1839500757560018e-07,
                0.9999897480010986,
                -0.0046347021125257015,
                -0.012950844131410122
            ],
            [
                -0.29441818594932556,
                0.00442923977971077,
                0.9556661248207092,
                0.31984955072402954
            ],
            [
                0.0,
                0.0,
                0.0,
                1.0
            ]
        ]
    },
    {
        "timestamp": 14.0,
        "basename": "000014",
        "tx": -0.0221572145819664,
        "ty": -0.014416368678212166,
        "tz": 0.3396357595920563,
        "qx": 0.0021327164457983897,
        "qy": 0.14696665183781057,
        "qz": 0.00011096228347491475,
        "qw": 0.9891391421107129,
        "transform_matrix": [
            [
                0.9568015336990356,
                0.000407363724661991,
                0.29074135422706604,
                -0.0221572145819664
            ],
            [
                0.0008463923004455864,
                0.9999914169311523,
                -0.004186492413282394,
                -0.014416368678212166
            ],
            [
                -0.2907405495643616,
                0.004251721315085888,
                0.9567922353744507,
                0.3396357595920563
            ],
            [
                0.0,
                0.0,
                0.0,
                1.0
            ]
        ]
    },
    {
        "timestamp": 15.0,
        "basename": "000015",
        "tx": -0.004680700600147247,
        "ty": -0.016050634905695915,
        "tz": 0.37088707089424133,
        "qx": 0.0013494012230637759,
        "qy": 0.112467699791256,
        "qz": -4.948366441398852e-05,
        "qw": 0.9936544636700275,
        "transform_matrix": [
            [
                0.9747019410133362,
                0.0004018690960947424,
                0.2235078662633896,
                -0.004680700600147247
            ],
            [
                0.00020519043027888983,
                0.9999969005584717,
                -0.0026928093284368515,
                -0.016050634905695915
            ],
            [
                -0.22350828349590302,
                0.002670545130968094,
                0.9746981263160706,
                0.37088707089424133
            ],
            [
                0.0,
                0.0,
                0.0,
                1.0
            ]
        ]
    },
    {
        "timestamp": 16.0,
        "basename": "000016",
        "tx": 0.015448734164237976,
        "ty": -0.014266191981732845,
        "tz": 0.4189276695251465,
        "qx": 0.0004465157496182716,
        "qy": 0.06956621276371644,
        "qz": 0.0001468450316502182,
        "qw": 0.9975772256331512,
        "transform_matrix": [
            [
                0.9903209805488586,
                -0.00023085223801899701,
                0.138795405626297,
                0.015448734164237976
            ],
            [
                0.00035510482848621905,
                1.0000001192092896,
                -0.0008704391657374799,
                -0.014266191981732845
            ],
            [
                -0.13879528641700745,
                0.0009112966945394874,
                0.9903203845024109,
                0.4189276695251465
            ],
            [
                0.0,
                0.0,
                0.0,
                1.0
            ]
        ]
    },
    {
        "timestamp": 17.0,
        "basename": "000017",
        "tx": 0.03245781734585762,
        "ty": -0.009815607219934464,
        "tz": 0.4775608479976654,
        "qx": 0.00042692909776080346,
        "qy": 0.02706338081882877,
        "qz": -0.0003175749281532397,
        "qw": 0.9996335780156476,
        "transform_matrix": [
            [
                0.9985348582267761,
                0.0006580273038707674,
                0.054106589406728745,
                0.03245781734585762
            ],
            [
                -0.0006118069868534803,
                1.0,
                -0.0008707367233000696,
                -0.009815607219934464
            ],
            [
                -0.05410727113485336,
                0.0008363539818674326,
                0.9985344409942627,
                0.4775608479976654
            ],
            [
                0.0,
                0.0,
                0.0,
                1.0
            ]
        ]
    },
    {
        "timestamp": 18.0,
        "basename": "000018",
        "tx": 0.043258100748062134,
        "ty": -0.005216675344854593,
        "tz": 0.5330754518508911,
        "qx": -0.0008292624740516714,
        "qy": -0.01968837656791719,
        "qz": -0.0005152108674502537,
        "qw": 0.9998056884763314,
        "transform_matrix": [
            [
                0.9992241263389587,
                0.001062877243384719,
                -0.03936830908060074,
                0.043258100748062134
            ],
            [
                -0.000997565919533372,
                0.9999986886978149,
                0.0016784870531409979,
                -0.005216675344854593
            ],
            [
                0.03936989977955818,
                -0.0016379185253754258,
                0.9992231130599976,
                0.5330754518508911
            ],
            [
                0.0,
                0.0,
                0.0,
                1.0
            ]
        ]
    },
    {
        "timestamp": 19.0,
        "basename": "000019",
        "tx": 0.05998712033033371,
        "ty": -0.0018051182851195335,
        "tz": 0.5859678983688354,
        "qx": -0.002085576866927093,
        "qy": -0.057278780819247296,
        "qz": 0.0005158829896105769,
        "qw": 0.9983559112369365,
        "transform_matrix": [
            [
                0.9934375882148743,
                -0.000791149795986712,
                -0.11437142640352249,
                0.05998712033033371
            ],
            [
                0.0012689896393567324,
                0.9999913573265076,
                0.004105193540453911,
                -0.0018051182851195335
            ],
            [
                0.11436702311038971,
                -0.004223398864269257,
                0.9934293627738953,
                0.5859678983688354
            ],
            [
                0.0,
                0.0,
                0.0,
                1.0
            ]
        ]
    },
    {
        "timestamp": 20.0,
        "basename": "000020",
        "tx": 0.05458270013332367,
        "ty": 0.012572209350764751,
        "tz": 0.6361196637153625,
        "qx": -0.0011000934430668626,
        "qy": -0.09219179662721519,
        "qz": 0.0010291187117827112,
        "qw": 0.9957401284189262,
        "transform_matrix": [
            [
                0.9829990863800049,
                -0.0018466295441612601,
                -0.18360047042369843,
                0.05458270013332367
            ],
            [
                0.002252310048788786,
                0.9999961256980896,
                0.0020010583102703094,
                0.012572209350764751
            ],
            [
                0.18359585106372833,
                -0.002380570862442255,
                0.982998788356781,
                0.6361196637153625
            ],
            [
                0.0,
                0.0,
                0.0,
                1.0
            ]
        ]
    },
    {
        "timestamp": 21.0,
        "basename": "000021",
        "tx": 0.049438878893852234,
        "ty": 0.0067718978971242905,
        "tz": 0.6147140860557556,
        "qx": -0.0013392770519997453,
        "qy": -0.07054914541195725,
        "qz": -0.00046452260274619853,
        "qw": 0.9975072975358986,
        "transform_matrix": [
            [
                0.9900450706481934,
                0.0011157013941556215,
                -0.1407453864812851,
                0.049438878893852234
            ],
            [
                -0.0007377575966529548,
                0.9999967217445374,
                0.0027374173514544964,
                0.0067718978971242905
            ],
            [
                0.1407478004693985,
                -0.0026063378900289536,
                0.990041971206665,
                0.6147140860557556
            ],
            [
                0.0,
                0.0,
                0.0,
                1.0
            ]
        ]
    },
    {
        "timestamp": 22.0,
        "basename": "000022",
        "tx": 0.046271681785583496,
        "ty": 0.005454786121845245,
        "tz": 0.6869577765464783,
        "qx": -0.0015320847538549624,
        "qy": -0.07325351912857973,
        "qz": 0.0022176840385645753,
        "qw": 0.9973097094328777,
        "transform_matrix": [
            [
                0.9892578125,
                -0.004198974929749966,
                -0.14611974358558655,
                0.046271681785583496
            ],
            [
                0.004647897556424141,
                0.9999862313270569,
                0.002731016371399164,
                0.005454786121845245
            ],
            [
                0.1461060792207718,
                -0.0033808364532887936,
                0.989263117313385,
                0.6869577765464783
            ],
            [
                0.0,
                0.0,
                0.0,
                1.0
            ]
        ]
    },
    {
        "timestamp": 23.0,
        "basename": "000023",
        "tx": 0.04729175567626953,
        "ty": 0.006547191180288792,
        "tz": 0.7324063777923584,
        "qx": -0.0006422162789709833,
        "qy": -0.07910244747377833,
        "qz": 0.0016229689962885354,
        "qw": 0.9968649639412281,
        "transform_matrix": [
            [
                0.9874801635742188,
                -0.003134159604087472,
                -0.15771105885505676,
                0.04729175567626953
            ],
            [
                0.0033373648766428232,
                0.999994695186615,
                0.0010236414382234216,
                0.006547191180288792
            ],
            [
                0.15770681202411652,
                -0.0015371704939752817,
                0.9874846339225769,
                0.7324063777923584
            ],
            [
                0.0,
                0.0,
                0.0,
                1.0
            ]
        ]
    },
    {
        "timestamp": 24.0,
        "basename": "000024",
        "tx": 0.027519583702087402,
        "ty": 0.0061654034070670605,
        "tz": 0.8811336159706116,
        "qx": -0.0007143360969396132,
        "qy": -0.08218923115217579,
        "qz": 0.001071665694475909,
        "qw": 0.99661590973614,
        "transform_matrix": [
            [
                0.9864874482154846,
                -0.0020186554174870253,
                -0.16382378339767456,
                0.027519583702087402
            ],
            [
                0.002253501443192363,
                0.9999973773956299,
                0.0012476759729906917,
                0.0061654034070670605
            ],
            [
                0.16382063925266266,
                -0.0015999992610886693,
                0.9864887595176697,
                0.8811336159706116
            ],
            [
                0.0,
                0.0,
                0.0,
                1.0
            ]
        ]
    },
    {
        "timestamp": 25.0,
        "basename": "000025",
        "tx": 0.030923038721084595,
        "ty": 0.002829663921147585,
        "tz": 0.9176430702209473,
        "qx": -0.001588744592063615,
        "qy": -0.0882267112288915,
        "qz": 0.002802282156008765,
        "qw": 0.996095211579231,
        "transform_matrix": [
            [
                0.9844162464141846,
                -0.005302340257912874,
                -0.17577336728572845,
                0.030923038721084595
            ],
            [
                0.005863020196557045,
                0.9999799132347107,
                0.0026706058997660875,
                0.002829663921147585
            ],
            [
                0.17575548589229584,
                -0.0036595582496374846,
                0.9844269156455994,
                0.9176430702209473
            ],
            [
                0.0,
                0.0,
                0.0,
                1.0
            ]
        ]
    },
    {
        "timestamp": 26.0,
        "basename": "000026",
        "tx": 0.024461954832077026,
        "ty": 0.008098261430859566,
        "tz": 0.9730640053749084,
        "qx": -0.001237694500362706,
        "qy": -0.09321193709543386,
        "qz": 0.0028759815773216194,
        "qw": 0.9956413669716659,
        "transform_matrix": [
            [
                0.9826064109802246,
                -0.0054961564019322395,
                -0.18561850488185883,
                0.024461954832077026
            ],
            [
                0.005957629531621933,
                0.9999809861183167,
                0.0019284447189420462,
                0.008098261430859566
            ],
            [
                0.18560416996479034,
                -0.0030007550958544016,
                0.9826198816299438,
                0.9730640053749084
            ],
            [
                0.0,
                0.0,
                0.0,
                1.0
            ]
        ]
    },
    {
        "timestamp": 27.0,
        "basename": "000027",
        "tx": 0.016213923692703247,
        "ty": 0.008200648240745068,
        "tz": 1.019277572631836,
        "qx": -0.000511396529884589,
        "qy": -0.10077762271950139,
        "qz": 0.0036044721764107333,
        "qw": 0.9949023153118725,
        "transform_matrix": [
            [
                0.9796615839004517,
                -0.007069121114909649,
                -0.20053152740001678,
                0.016213923692703247
            ],
            [
                0.007275270763784647,
                0.9999740719795227,
                0.00029107596492394805,
                0.008200648240745068
            ],
            [
                0.20052406191825867,
                -0.0017440825467929244,
                0.9796870946884155,
                1.019277572631836
            ],
            [
                0.0,
                0.0,
                0.0,
                1.0
            ]
        ]
    },
    {
        "timestamp": 28.0,
        "basename": "000028",
        "tx": 0.009892846457660198,
        "ty": 0.008281536400318146,
        "tz": 1.0918062925338745,
        "qx": -0.0006366589120108638,
        "qy": -0.10597275637056028,
        "qz": 0.003857019137847831,
        "qw": 0.9943613492971385,
        "transform_matrix": [
            [
                0.977509617805481,
                -0.007535605225712061,
                -0.21075540781021118,
                0.009892846457660198
            ],
            [
                0.007805479224771261,
                0.9999700784683228,
                0.0004486571706365794,
                0.008281536400318146
            ],
            [
                0.21074548363685608,
                -0.002083619125187397,
                0.9775386452674866,
                1.0918062925338745
            ],
            [
                0.0,
                0.0,
                0.0,
                1.0
            ]
        ]
    },
    {
        "timestamp": 29.0,
        "basename": "000029",
        "tx": -0.0002643164189066738,
        "ty": 0.00959081668406725,
        "tz": 1.1754792928695679,
        "qx": -0.0005579544599767568,
        "qy": -0.1130585780648024,
        "qz": 0.005034164351085787,
        "qw": 0.9935754142500063,
        "transform_matrix": [
            [
                0.9743847250938416,
                -0.009877482429146767,
                -0.2246701419353485,
                -0.0002643164189066738
            ],
            [
                0.010129807516932487,
                0.9999493956565857,
                -2.95745485345833e-05,
                0.00959081668406725
            ],
            [
                0.22465880215168,
                -0.0022470541298389435,
                0.9744347333908081,
                1.1754792928695679
            ],
            [
                0.0,
                0.0,
                0.0,
                1.0
            ]
        ]
    },
    {
        "timestamp": 30.0,
        "basename": "000030",
        "tx": -0.029520725831389427,
        "ty": -0.002248789183795452,
        "tz": 1.2860981225967407,
        "qx": -0.0009252802886669562,
        "qy": -0.11744730093808904,
        "qz": 0.004883884787523978,
        "qw": 0.9930666760233815,
        "transform_matrix": [
            [
                0.9723644256591797,
                -0.009482704102993011,
                -0.23327511548995972,
                -0.029520725831389427
            ],
            [
                0.00991739146411419,
                0.9999513626098633,
                0.0006905284244567156,
                -0.002248789183795452
            ],
            [
                0.23325695097446442,
                -0.0029849321581423283,
                0.9724104404449463,
                1.2860981225967407
            ],
            [
                0.0,
                0.0,
                0.0,
                1.0
            ]
        ]
    },
    {
        "timestamp": 31.0,
        "basename": "000031",
        "tx": -0.03407496213912964,
        "ty": 0.010258642956614494,
        "tz": 1.3361551761627197,
        "qx": -0.0005984369830390128,
        "qy": -0.12143287744757458,
        "qz": 0.005239629677804418,
        "qw": 0.9925856358162852,
        "transform_matrix": [
            [
                0.9704530239105225,
                -0.010256223380565643,
                -0.2410714030265808,
                -0.03407496213912964
            ],
            [
                0.010546904057264328,
                0.9999451637268066,
                -8.452989277429879e-05,
                0.010258642956614494
            ],
            [
                0.24105878174304962,
                -0.0024605300277471542,
                0.9705073237419128,
                1.3361551761627197
            ],
            [
                0.0,
                0.0,
                0.0,
                1.0
            ]
        ]
    },
    {
        "timestamp": 32.0,
        "basename": "000032",
        "tx": -0.045386817306280136,
        "ty": 0.010542647913098335,
        "tz": 1.4044992923736572,
        "qx": 4.265034372838353e-05,
        "qy": -0.12518820395572686,
        "qz": 0.005836498656805861,
        "qw": 0.9921158435660208,
        "transform_matrix": [
            [
                0.9685875773429871,
                -0.011591645888984203,
                -0.24840198457241058,
                -0.045386817306280136
            ],
            [
                0.011570288799703121,
                0.9999327063560486,
                -0.001545952633023262,
                0.010542647913098335
            ],
            [
                0.2484028935432434,
                -0.0013766962802037597,
                0.9686557054519653,
                1.4044992923736572
            ],
            [
                0.0,
                0.0,
                0.0,
                1.0
            ]
        ]
    },
    {
        "timestamp": 33.0,
        "basename": "000033",
        "tx": -0.052834466099739075,
        "ty": 0.015000010840594769,
        "tz": 1.463151216506958,
        "qx": -0.0009074843095559849,
        "qy": -0.12891320831991948,
        "qz": 0.006534482583184722,
        "qw": 0.9916339353462361,
        "transform_matrix": [
            [
                0.9666772484779358,
                -0.012725657783448696,
                -0.2556813657283783,
                -0.052834466099739075
            ],
            [
                0.013193604536354542,
                0.99991375207901,
                0.00011501858534757048,
                0.015000010840594769
            ],
            [
                0.2556575536727905,
                -0.00348455086350441,
                0.9667609930038452,
                1.463151216506958
            ],
            [
                0.0,
                0.0,
                0.0,
                1.0
            ]
        ]
    },
    {
        "timestamp": 34.0,
        "basename": "000034",
        "tx": -0.08815871924161911,
        "ty": 0.0018754946067929268,
        "tz": 1.5447884798049927,
        "qx": -0.0015712617175913288,
        "qy": -0.13128991209341973,
        "qz": 0.004634820790217513,
        "qw": 0.9913319366162675,
        "transform_matrix": [
            [
                0.9654828310012817,
                -0.0087767094373703,
                -0.260318398475647,
                -0.08815871924161911
            ],
            [
                0.009601876139640808,
                0.9999528527259827,
                0.0018982695182785392,
                0.0018754946067929268
            ],
            [
                0.26028919219970703,
                -0.004332298878580332,
                0.9655207991600037,
                1.5447884798049927
            ],
            [
                0.0,
                0.0,
                0.0,
                1.0
            ]
        ]
    },
    {
        "timestamp": 35.0,
        "basename": "000035",
        "tx": -0.08218228071928024,
        "ty": 0.00784646812826395,
        "tz": 1.5358000993728638,
        "qx": -0.0011898813781114515,
        "qy": -0.13152904821242412,
        "qz": 0.005710449447416689,
        "qw": 0.991295155050073,
        "transform_matrix": [
            [
                0.9653348326683044,
                -0.011008474975824356,
                -0.2607818841934204,
                -0.08218228071928024
            ],
            [
                0.011634491384029388,
                0.9999327063560486,
                0.0008568639168515801,
                0.00784646812826395
            ],
            [
                0.26075461506843567,
                -0.0038612312637269497,
                0.965397298336029,
                1.5358000993728638
            ],
            [
                0.0,
                0.0,
                0.0,
                1.0
            ]
        ]
    },
    {
        "timestamp": 36.0,
        "basename": "000036",
        "tx": -0.08837217092514038,
        "ty": -0.0033083665184676647,
        "tz": 1.6201978921890259,
        "qx": -0.0029169189161258637,
        "qy": -0.12504338737798848,
        "qz": 0.001743644864532537,
        "qw": 0.9921454543360371,
        "transform_matrix": [
            [
                0.9687221050262451,
                -0.002730411710217595,
                -0.24813272058963776,
                -0.08837217092514038
            ],
            [
                0.004189386963844299,
                0.9999776482582092,
                0.0053519499488174915,
                -0.0033083665184676647
            ],
            [
                0.248112291097641,
                -0.006224083714187145,
                0.9687114357948303,
                1.6201978921890259
            ],
            [
                0.0,
                0.0,
                0.0,
                1.0
            ]
        ]
    },
    {
        "timestamp": 37.0,
        "basename": "000037",
        "tx": -0.11497892439365387,
        "ty": -0.0036706433165818453,
        "tz": 1.6481389999389648,
        "qx": -0.004692345649832826,
        "qy": -0.11970383361270935,
        "qz": 0.0013840466141367429,
        "qw": 0.992797591921784,
        "transform_matrix": [
            [
                0.9713380336761475,
                -0.0016247685998678207,
                -0.23769642412662506,
                -0.11497892439365387
            ],
            [
                0.003871545195579529,
                0.999953031539917,
                0.008985746651887894,
                -0.0036706433165818453
            ],
            [
                0.2376703917980194,
                -0.009648455306887627,
                0.9712980389595032,
                1.6481389999389648
            ],
            [
                0.0,
                0.0,
                0.0,
                1.0
            ]
        ]
    },
    {
        "timestamp": 38.0,
        "basename": "000038",
        "tx": -0.12429969012737274,
        "ty": -0.008070383220911026,
        "tz": 1.6998085975646973,
        "qx": -0.005808693254014186,
        "qy": -0.120778019386287,
        "qz": 0.0018132683357454,
        "qw": 0.9926608893140441,
        "transform_matrix": [
            [
                0.9708186388015747,
                -0.002196792047470808,
                -0.23980438709259033,
                -0.12429969012737274
            ],
            [
                0.005003051832318306,
                0.9999268054962158,
                0.011094119399785995,
                -0.008070383220911026
            ],
            [
                0.23976218700408936,
                -0.011970136314630508,
                0.9707580208778381,
                1.6998085975646973
            ],
            [
                0.0,
                0.0,
                0.0,
                1.0
            ]
        ]
    },
    {
        "timestamp": 39.0,
        "basename": "000039",
        "tx": -0.147545725107193,
        "ty": -0.011635731905698776,
        "tz": 1.762701153755188,
        "qx": -0.006414784444025598,
        "qy": -0.12129933249681335,
        "qz": 0.00035866333117002115,
        "qw": 0.9925951812481154,
        "transform_matrix": [
            [
                0.9705725312232971,
                0.0008442065445706248,
                -0.2408069372177124,
                -0.147545725107193
            ],
            [
                0.002268236828967929,
                0.9999182820320129,
                0.012647558003664017,
                -0.011635731905698776
            ],
            [
                0.24079769849777222,
